[15-09-2026 00:35:45.121] SEND: TURN ON MAGNET lần 1 [0 bytes]: 

[15-09-2026 00:35:45.192] SEND: TURN ON MAGNET [0 bytes]: 

[15-09-2026 00:35:45.193] SEND: 8 [8 bytes]: 01 A0 02 00 01 5B C0 03

[15-09-2026 00:36:00.007] SEND: Search COM clicked [0 bytes]: 

[15-09-2026 00:36:09.682] SEND: TURN ON MAGNET lần 1 [0 bytes]: 

[15-09-2026 00:36:09.684] SEND: TURN ON MAGNET [0 bytes]: 

[15-09-2026 00:36:09.685] SEND: 8 [8 bytes]: 01 A0 02 00 01 5B C0 03

[15-09-2026 00:36:14.706] SEND: TURN OFF MAGNET lần 1 [0 bytes]: 

[15-09-2026 00:36:14.707] SEND: TURN OFF MAGNET [0 bytes]: 

[15-09-2026 00:36:14.709] SEND: 8 [8 bytes]: 01 A0 02 00 00 9A 00 03

[15-09-2026 00:36:24.712] SEND: TURN ON MAGNET lần 2 [0 bytes]: 

[15-09-2026 00:36:24.714] SEND: TURN ON MAGNET [0 bytes]: 

[15-09-2026 00:36:24.715] SEND: 8 [8 bytes]: 01 A0 02 00 01 5B C0 03

[15-09-2026 00:36:29.781] SEND: TURN OFF MAGNET lần 2 [0 bytes]: 

[15-09-2026 00:36:29.783] SEND: TURN OFF MAGNET [0 bytes]: 

[15-09-2026 00:36:29.784] SEND: 8 [8 bytes]: 01 A0 02 00 00 9A 00 03

[15-09-2026 00:36:32.208] SEND: TURN ON MAGNET [0 bytes]: 

[15-09-2026 00:36:32.211] SEND: 8 [8 bytes]: 01 A0 02 00 01 5B C0 03

[15-09-2026 00:36:32.215] SEND: [Read RTC] Đọc dữ liệu [0 bytes]: 

[15-09-2026 00:36:32.218] SEND: 500 [500 bytes]: 00 00 00 00 00 00 00 00 00 00 00 00 00 00 00 00 00 00 00 00 00 00 00 00 00 00 00 00 00 00 00 00 00 00 00 00 00 00 00 00 00 00 00 00 00 00 00 00 00 00 00 00 00 00 00 00 00 00 00 00 00 00 00 00 00 00 00 00 00 00 00 00 00 00 00 00 00 00 00 00 00 00 00 00 00 00 00 00 00 00 00 00 00 00 00 00 00 00 00 00 00 00 00 00 00 00 00 00 00 00 00 00 00 00 00 00 00 00 00 00 00 00 00 00 00 00 00 00 00 00 00 00 00 00 00 00 00 00 00 00 00 00 00 00 00 00 00 00 00 00 00 00 00 00 00 00 00 00 00 00 00 00 00 00 00 00 00 00 00 00 00 00 00 00 00 00 00 00 00 00 00 00 00 00 00 00 00 00 00 00 00 00 00 00 00 00 00 00 00 00 00 00 00 00 00 00 00 00 00 00 00 00 00 00 00 00 00 00 00 00 00 00 00 00 00 00 00 00 00 00 00 00 00 00 00 00 00 00 00 00 00 00 00 00 00 00 00 00 00 00 00 00 00 00 00 00 00 00 00 00 00 00 00 00 00 00 00 00 00 00 00 00 00 00 00 00 00 00 00 00 00 00 00 00 00 00 00 00 00 00 00 00 00 00 00 00 00 00 00 00 00 00 00 00 00 00 00 00 00 00 00 00 00 00 00 00 00 00 00 00 00 00 00 00 00 00 00 00 00 00 00 00 00 00 00 00 00 00 00 00 00 00 00 00 00 00 00 00 00 00 00 00 00 00 00 00 00 00 00 00 00 00 00 00 00 00 00 00 00 00 00 00 00 00 00 00 00 00 00 00 00 00 00 00 00 00 00 00 00 00 00 00 00 00 00 00 00 00 00 00 00 00 00 00 00 00 00 00 00 00 00 00 00 00 00 00 00 00 00 00 00 00 00 00 00 00 00 00 00 00 00 00 00 00 00 00 00 00 00 00 00 00 00 00 00 00 00 00 00 00 00 00 00 00 00 00 00 00 00 00 00 00 00 00 00 00 00 00 00 00 00 00 00 00 00 00 00 00 00 00 00 00 00 00 00 00 00 00 00 00 00 00 00 00 00 00 00 00 00 00

[15-09-2026 00:36:32.265] SEND: Lỗi xử lý Read RTC: The port is closed. [0 bytes]: 

[15-09-2026 00:36:32.270] SEND: TURN OFF MAGNET [0 bytes]: 

[15-09-2026 00:36:32.272] SEND: 8 [8 bytes]: 01 A0 02 00 00 9A 00 03

[15-09-2026 00:36:39.788] SEND: TURN ON MAGNET lần 3 [0 bytes]: 

[15-09-2026 00:36:39.800] SEND: TURN ON MAGNET [0 bytes]: 

[15-09-2026 00:36:39.802] SEND: 8 [8 bytes]: 01 A0 02 00 01 5B C0 03

